1.259955 -0.426937 1
-1.276990 -0.897928 1
0.588431 -0.071212 0
-0.304088 0.512874 0
-0.680983 1.093539 0
-1.078722 1.436108 1
0.691352 0.379164 0
1.137645 -0.721610 1
-0.607444 0.501039 0
-0.155564 0.629833 0
-0.642355 1.134025 0
0.808317 0.927513 0
0.927850 0.891211 0
0.915303 -0.547793 1
0.560425 -0.884734 1
-0.033480 -0.632675 0
1.414889 0.710010 1
-1.409628 0.575937 1
-0.495497 0.317894 0
-0.360322 0.005930 0
0.714919 -1.323679 1
0.583392 -0.455468 0
-1.123755 0.346727 1
-1.396064 0.695741 1
-0.051250 -1.363726 1
-0.985662 -0.642917 1
-1.301640 0.480330 1
0.775134 1.144118 0
-0.134445 -0.014528 0
-1.420827 1.473746 1
-0.867471 -1.191311 1
-1.208268 -0.025022 1
0.602428 -0.976512 1
1.305202 -0.016573 1
-0.428311 1.205962 0
-0.186036 -1.277212 1
-1.256319 -1.333444 1
0.668418 -0.688582 1
-0.537715 1.196492 0
-0.258919 0.579050 0
0.044597 -1.484475 1
-1.417060 -0.913006 1
-0.369582 0.135648 0
-0.451509 0.305613 0
-1.252079 -0.945503 1
-1.418999 -1.240700 1
-0.590562 0.045794 0
0.624848 -0.926952 1
-0.463935 0.242143 0
1.116099 -0.576102 1
-0.666866 0.353990 0
0.833673 -0.086125 0
0.375013 0.605848 0
0.274310 0.036047 0
0.392365 0.790568 0
1.445689 -0.272131 1
-1.084303 0.431902 0
-0.110102 1.475900 1
-1.073212 -1.243303 1
-0.498109 -0.540558 0
0.520941 -0.054656 0
0.731439 -1.244041 1
-0.422524 -0.642220 0
0.843617 0.190727 0
1.283114 1.012326 1
0.945312 -0.228508 1
-0.175643 -0.790962 0
0.364634 0.731890 0
0.342990 0.428707 0
-1.465050 1.107616 1
-0.616457 0.337999 0
0.168871 0.729879 0
-0.018244 0.876790 0
0.438363 1.080535 0
-1.076397 -0.304278 1
-1.235135 0.152229 1
0.705548 0.652726 0
-1.451725 1.275288 1
1.014542 -0.281487 1
-0.676190 -0.663384 1
1.259830 -0.732892 1
-0.782399 0.986033 0
-1.074908 -0.983655 1
0.612704 -0.241184 0
-0.680017 -0.703419 1
1.026978 -1.444782 1
0.539846 0.175532 0
-0.570521 -1.017316 1
1.237618 0.881096 1
0.181604 1.066743 0
-1.412738 -0.335422 1
0.280004 -1.161852 1
0.203362 0.634571 0
0.757522 1.208118 1
0.566510 -0.114487 0
0.083873 -0.179514 0
-0.661855 -0.128044 0
0.787515 -0.152993 0
0.640782 -0.857016 1
0.750327 0.445960 0
0.014281 1.361698 1
-0.446587 -1.290602 1
1.001236 -1.250727 1
-0.899673 0.374971 0
0.706094 1.410276 1
1.364206 0.656483 1
0.599087 1.013975 0
-1.022136 -0.941646 1
-1.424054 1.397976 1
0.537168 -0.051271 0
-1.488037 -1.143984 1
0.129404 -0.347357 0
-0.097362 -0.628519 0
-0.944335 0.810477 0
-0.716397 -0.403458 0
-0.224310 1.003805 0
0.430844 1.273613 1
0.729993 0.855858 0
-1.431117 -0.353805 1
-0.664494 -1.067841 1
1.346685 -0.759800 1
0.566618 1.177479 0
-0.715021 1.092038 0
-0.354380 -0.068050 0
0.391146 -1.052456 1
1.337038 -0.580841 1
1.465792 -0.685652 1
1.271153 -0.819922 1
-0.613736 -0.245299 0
-0.119548 0.700591 0
1.455485 0.371925 1
1.409002 -0.392342 1
-1.213800 0.329041 1
1.267898 0.915989 1
-0.635483 1.362731 1
1.360710 -0.180970 1
1.035010 0.348742 0
1.225361 -0.413035 1
1.179488 1.081898 1
0.474951 1.223974 0
0.071825 -1.482356 1
-0.962240 0.551746 0
1.053975 -1.215557 1
-0.385692 1.008774 0
0.110532 1.346240 1
-0.081875 0.912487 0
-0.743392 -0.369774 0
-1.484478 1.443471 1
-1.085348 1.266877 1
-1.185794 1.172419 1
-1.438559 -1.390926 1
1.139332 -0.214345 1
0.970397 0.525405 0
0.969915 -1.213318 1
-0.071946 -0.488614 0
-0.623167 0.687052 0
-0.094914 -1.077062 1
-0.961220 -0.035925 0
0.542348 -0.547072 0
-0.293665 -0.709668 0
-1.308766 -1.054275 1
0.292987 -0.272504 0
1.495842 0.175692 1
-0.435822 -0.860278 1
0.979622 -0.983935 1
-0.096450 0.111004 0
0.132118 -1.496068 1
0.758248 1.213548 1
0.632237 -1.249351 1
-0.471627 -0.322489 0
-0.072074 -0.055302 0
0.881776 -0.690190 1
-1.082493 -1.096510 1
0.660209 -0.354420 0
-0.818925 0.896253 0
-0.244085 0.694904 0
-1.082734 0.085528 1
-0.981345 1.055426 1
1.084262 1.418812 1
0.053379 0.843514 0
1.467753 -1.324467 1
-0.362603 0.600088 0
-0.124988 -1.244693 1
0.986687 0.914968 0
-0.091170 1.070948 0
-1.394356 0.402721 1
0.168173 0.554822 0
0.674387 -0.716791 1
-1.193847 0.920258 1
-0.334781 -1.380738 1
1.277629 1.066300 1
-0.576012 0.981177 0
1.256233 0.690137 1
0.994915 0.973943 0
0.882110 -0.484511 1
-1.004182 -0.645224 1
-0.130568 0.107786 0
-1.395118 0.694719 1
0.579185 0.285695 0
0.488920 -0.784609 1
-0.684308 0.759739 0
0.961077 1.352267 1
-0.193631 -1.031874 1
-0.963055 -0.073514 1
-1.065718 0.206724 0
1.322229 0.511038 1
1.218667 -0.200465 1
-0.627109 -0.167688 0
0.274319 -0.530958 0
0.593617 0.802948 0
1.029499 -1.372324 1
0.270651 1.004075 0
0.507855 0.837035 0
-0.561476 -1.086260 1
0.882933 -0.464430 1
-1.082711 1.089807 1
1.308642 0.253157 1
-0.731776 0.124604 0
-0.228304 0.525871 0
-0.438757 0.492844 0
-0.447100 -0.055791 0
1.351215 -0.100675 1
0.098643 -1.188556 1
0.996485 -0.002380 0
-1.022171 0.116556 0
0.766490 0.794989 0
1.341536 -0.315201 1
-0.420942 1.481008 1
-0.033519 -1.002684 1
1.049134 -1.125968 1
0.269849 -1.239459 1
0.182060 1.140438 0
-1.223798 -1.162838 1
-0.335169 1.198200 0
0.405947 -0.466787 0
-0.008294 0.002700 0
-0.671567 -1.372409 1
1.035297 0.605776 0
-0.954496 0.263159 0
0.890766 -0.976186 1
-0.822468 -0.125335 0
-0.385837 -0.716821 1
-1.170922 0.758443 1
-0.388085 -0.174940 0
-0.805255 -0.066512 0
1.232397 0.829848 1
-1.176974 0.938208 1
-0.825061 0.876976 0
-1.048595 -1.024284 1
-0.492892 -1.072237 1
1.462761 0.645469 1
1.191711 -0.858638 1
1.175245 0.257580 1
-0.667970 -0.066886 0
-0.827142 0.428470 0
1.082582 0.950202 1
-1.205472 0.215948 1
0.650908 -0.852589 1
-0.749398 0.247805 0
0.059329 -0.623575 0
0.349580 1.146434 0
-0.949565 0.291515 0
-0.611850 0.538594 0
-1.201121 -0.037784 1
-0.953606 0.970917 0
-1.185833 -1.055734 1
0.415156 1.321154 1
-0.768450 0.200058 0
1.136931 -0.428312 1
-0.565978 -0.508494 0
0.741309 0.405851 0
0.680796 -1.304447 1
0.215082 0.112855 0
-0.481753 -0.936663 1
0.207798 -0.467760 0
-0.979471 0.562615 0
1.038010 -0.540852 1
-0.061350 -0.235701 0
-1.348509 -0.290062 1
-1.379619 -0.677032 1
-0.498336 -0.887136 1
0.540090 -0.590698 1
0.442524 -1.207606 1
-0.387840 1.139158 0
0.313583 0.513641 0
-0.603699 0.794473 0
0.125398 -0.067936 0
0.831466 -0.596084 1
0.993611 -0.555483 1
1.146768 -1.249738 1
0.771637 1.367113 1
-0.824427 1.410153 1
-0.414669 0.711128 0
0.066266 0.541614 0
-0.788709 -1.492917 1
0.862535 -0.279800 1
0.737647 -0.231181 0
-1.235448 1.069697 1
-1.366278 1.021298 1
0.857667 -0.739328 1
-1.361193 0.449302 1
0.585495 1.339208 1
-0.675667 -1.316071 1
0.616089 -0.342553 0
-1.110091 -0.412666 1
-0.256607 -1.207468 1
-0.423158 0.826380 0
0.500441 0.079585 0
-1.340619 0.600702 1
0.457965 0.480167 0
1.450562 -1.276469 1
-1.061262 -0.765368 1
-0.482669 -0.534702 0
0.853760 1.313528 1
1.388619 -1.158943 1
-0.657930 -0.595353 1
0.563352 -0.631267 1
1.327372 -0.171924 1
0.784593 -0.427555 1
-0.585898 0.215541 0
-1.468864 -0.577571 1
0.709315 -1.162803 1
1.161774 0.119195 1
0.236934 0.222960 0
0.877344 -1.113466 1
-1.277906 -0.230277 1
-0.404134 -0.250099 0
-1.137327 1.425058 1
1.013339 0.477989 0
1.371398 0.526209 1
0.591723 -1.330001 1
-1.099966 1.289828 1
0.147377 0.421992 0
-1.093424 -0.771861 1
0.497511 1.081034 0
-1.366380 -0.756554 1
-0.715157 -0.077775 0
-0.233348 0.171783 0
-0.833037 -0.521152 1
-0.250407 1.048544 0
0.492911 -1.137927 1
-1.203676 -0.209840 1
1.320620 0.462318 1
-0.328034 -0.702276 0
0.970307 0.996899 0
-0.471308 0.455731 0
1.198988 -1.358235 1
0.403487 1.281216 1
0.615384 -1.227679 1
-0.308774 1.288307 1
-1.326210 -0.343647 1
0.925811 0.704899 0
-0.561369 -0.611078 1
0.619479 0.115577 0
-0.986246 -0.769902 1
0.381907 1.277622 1
0.960026 -1.158583 1
1.313957 1.155069 1
-0.650162 0.095828 0
-1.358087 0.633848 1
-0.456042 1.210913 0
-0.112447 -1.486247 1
-1.049446 -0.319235 1
-0.129168 0.614869 0
-0.744887 -1.395345 1
0.165841 -1.278959 1
0.354918 0.489596 0
-0.610433 0.952474 0
1.420667 1.483852 1
1.253351 -0.307026 1
0.202818 -0.357536 0
-0.745092 -0.978512 1
-1.243879 0.498122 1
1.039822 -0.899233 1
-0.399477 0.076041 0
-0.168198 -1.218692 1
0.346170 1.347314 1
0.144219 -0.297475 0
-0.252229 -1.397443 1
-0.493649 1.137461 0
0.199908 -0.781666 0
-0.174041 0.094103 0
-0.448285 -0.995731 1
0.865611 1.367775 1
0.685914 -0.635719 1
0.380275 0.024198 0
1.046786 -0.562262 1
-1.407307 1.333979 1
-1.100317 0.026130 1
-0.192774 -0.073639 0
1.324510 1.077762 1
1.261832 1.202039 1
-0.588960 0.932498 0
0.850149 -1.037248 1
0.944907 -1.397927 1
0.023169 -0.836954 0
-1.471739 1.103606 1
0.845623 0.922391 0
-0.406941 0.865500 0
1.123275 0.604978 0
0.205404 -0.002604 0
0.707889 -1.455935 1
-0.883897 1.161111 1
-0.827800 1.224725 1
-0.054058 -1.172304 1
-0.986041 0.714660 0
0.661947 1.483871 1
-0.601464 -0.233827 0
-1.006625 0.808958 0
0.486413 -1.156365 1
1.435117 1.459929 1
-0.270037 0.552254 0
0.769844 0.166509 0
1.408446 0.511087 1
-0.408293 -1.189116 1
-0.949822 -0.162799 1
1.439790 -0.138051 1
1.354183 0.625749 1
-0.023336 1.162504 1
-1.167807 -0.914588 1
0.329880 -1.459166 1
-0.444559 -0.903619 1
-0.422512 -0.983190 1
1.183442 -0.703716 1
-0.090494 1.339244 1
1.274755 -0.412368 1
-1.355661 0.603730 1
1.321233 -0.850177 1
0.776608 -0.237789 0
-0.785973 0.745791 0
1.323921 -0.976720 1
-1.338415 -0.981974 1
-1.289569 0.122366 1
-0.697691 1.481540 1
-0.659075 0.616973 0
-1.239219 0.409602 1
0.356687 0.144764 0
0.966016 -1.129302 1
0.912541 -0.192251 1
-0.468945 0.984140 0
1.146903 1.428027 1
0.339906 0.894570 0
0.619287 -0.513233 1
-0.170148 0.886253 0
-1.346998 0.199338 1
0.895024 -0.529131 1
-0.144253 1.466365 1
-1.432794 -0.877671 1
-1.271317 -1.012633 1
-0.579325 -1.168856 1
-0.320605 1.245796 1
1.013218 -1.479829 1
-0.589723 -1.263723 1
0.503189 1.189884 0
0.631757 0.236419 0
-0.694764 0.920199 0
0.943544 0.773121 0
0.925320 1.424803 1
0.516256 -1.326968 1
-0.644141 -1.330984 1
-0.917001 0.392311 0
1.343172 0.071047 1
0.019798 -0.505183 0
1.442296 -0.875945 1
-1.304783 0.480467 1
0.021474 0.941469 0
-0.457093 1.133641 0
-0.911604 -0.262128 1
0.079719 -0.611547 0
0.033869 0.260159 0
0.798268 0.641904 0
-0.580685 0.731942 0
1.463939 0.111766 1
0.492141 1.157358 0
-0.815901 -0.851590 1
1.188298 0.705095 1
0.016524 -1.085797 1
-0.914670 0.092045 0
0.751256 0.603584 0
-0.009689 0.416692 0
0.931865 -0.626216 1
-0.884506 -0.847841 1
1.419995 -0.790969 1
-0.207767 -1.466473 1
0.737280 -1.123985 1
-1.416355 0.080622 1
-0.255918 1.495610 1
-1.349531 -1.013282 1
0.316284 0.930780 0
0.156440 1.329709 1
-1.252213 -1.379328 1
1.010377 1.442960 1
1.132208 -0.694329 1
1.493810 -0.234546 1
0.879764 -0.895236 1
-0.137129 0.007304 0
-1.362323 1.466349 1
0.427148 1.246453 1
0.467653 -1.483871 1
0.931017 -1.419791 1
1.274759 -0.558552 1
-0.147384 0.444670 0
-1.346931 -1.461552 1
0.869176 -0.831519 1
1.030676 -1.400128 1
0.132267 0.987813 0
-1.278503 -0.977344 1
0.000956 1.380347 1
1.337189 -0.260074 1
0.191134 -0.678890 0
0.543107 -1.187706 1
0.661876 -0.910908 1
-0.238334 0.292319 0
-1.455438 0.482775 1
-1.040723 1.336150 1
0.267179 0.198710 0
-0.578232 -0.805766 1
0.721699 -1.283170 1
1.280424 -0.524701 1
-0.392340 -1.237590 1
-0.090625 -1.057077 1
-0.601456 -0.985207 1
1.396727 -1.435099 1
-0.146992 -0.611011 0
-0.679739 -1.177141 1
0.547032 1.056822 0
-1.276587 0.438859 1
1.231690 0.427000 1
-1.315801 -0.069295 1
1.027725 0.360236 0
0.340050 1.379163 1
0.020520 1.473733 1
0.177318 0.544852 0
-0.826409 -1.350621 1
0.736347 -1.307665 1
0.764828 0.748346 0
0.823330 -0.208818 0
-1.138432 0.560604 0
0.220996 1.265561 1
0.575021 -0.416839 0
1.485736 1.161111 1
0.470198 -0.410405 0
0.084950 -0.696500 0
0.569906 -0.040767 0
0.336875 -0.685507 0
-1.216295 0.522265 1
-1.105917 0.020402 1
-0.734200 0.874111 0
1.456015 -0.170953 1
-0.116297 -1.328872 1
0.263026 -1.479780 1
-0.709393 0.606052 0
-1.484541 -1.078818 1
-0.946619 -0.667250 1
0.625054 1.316221 1
1.297422 0.889514 1
-1.185829 1.159072 1
-0.257849 -0.101065 0
1.350004 0.564035 1
-0.406373 0.629155 0
0.108190 -0.766291 0
1.215733 0.374035 1
-0.861031 -1.495102 1
1.405480 0.632277 1
0.703588 -0.293318 0
1.083022 -1.354029 1
-0.988063 -0.746685 1
-1.293342 0.159251 1
-0.902597 0.662448 0
0.036240 0.392355 0
-0.317459 -1.402589 1
0.967060 -1.180290 1
0.616393 -1.418449 1
0.123206 1.020987 0
0.502605 -1.226393 1
1.295175 0.896932 1
0.537287 -0.395120 0
-1.144593 1.383658 1
-0.691951 0.249894 0
-1.050305 0.613942 0
-1.095356 -0.736668 1
-0.277196 1.093198 0
0.624573 -0.111159 0
-0.376319 -0.273385 0
0.845841 -0.005778 0
-1.198180 -0.947509 1
0.856172 0.217236 0
-1.475186 -0.082445 1
0.697416 1.408463 1
0.047317 0.974866 0
1.421546 0.155381 1
-0.171836 1.285294 1
1.488182 -0.981736 1
1.314749 -0.691062 1
0.251691 -0.529185 0
0.824156 0.170960 0
-1.317308 -0.207797 1
0.533461 -0.848309 1
0.511264 0.559754 0
1.455938 -0.964186 1
-0.893718 -1.278357 1
-0.516173 -0.692115 1
-0.917688 1.050398 0
0.993919 1.251759 1
-0.267310 -1.431828 1
1.246573 1.079312 1
0.393003 0.320154 0
1.481712 1.338734 1
-0.391860 1.272554 1
0.450377 -1.197292 1
-0.683885 0.407407 0
-1.251998 -1.209116 1
-0.116614 -0.401720 0
1.215443 1.459246 1
-1.290571 -0.588297 1
0.562204 1.324034 1
0.310313 -1.160357 1
-0.738782 -0.435529 1
0.964792 -0.654986 1
-0.223499 1.487347 1
-1.194455 -0.685292 1
0.039965 -0.966116 1
-0.928673 1.112990 1
0.190377 -1.153605 1
1.215728 -0.446916 1
0.729068 -1.480792 1
-0.714161 -0.580881 1
-0.132910 -1.456014 1
-0.438991 0.599615 0
0.245106 -0.235492 0
0.240558 -1.368126 1
1.463843 1.082830 1
-0.328085 -1.339293 1
0.884372 -0.670527 1
1.490123 -1.439124 1
1.353163 0.892085 1
0.868018 0.472819 0
-0.217922 0.306346 0
-0.169782 1.420754 1
-0.775874 0.135657 0
-1.157175 -0.611009 1
1.285606 1.275912 1
0.900344 0.555728 0
0.724449 -1.200926 1
-1.071177 -0.606909 1
1.106444 -0.160986 1
-1.174598 0.559339 1
0.851538 0.418193 0
-0.852850 0.755454 0
-0.295262 0.798688 0
-1.378583 0.399146 1
1.066652 0.755142 0
1.359897 -1.422126 1
1.020950 -0.271389 1
-0.471688 1.134476 0
0.734082 0.921265 0
-0.344122 -0.043416 0
0.852269 1.452624 1
0.118161 -0.638018 0
-0.701951 0.657380 0
1.174133 0.969644 1
1.082055 -0.688173 1
-1.401332 0.431928 1
-1.346480 0.757652 1
0.412036 -0.925349 1
0.981986 0.399017 0
-1.286176 -0.931851 1
0.825825 0.537545 0
-1.121394 1.467235 1
0.769764 0.295781 0
1.476486 0.661452 1
1.150869 -0.278006 1
0.882133 -0.974842 1
0.373115 0.331531 0
-0.848615 -1.447289 1
1.048567 1.399561 1
-0.656971 0.198502 0
-0.607079 0.569918 0
-1.464111 -0.821334 1
-0.834402 0.008884 0
0.806517 -1.388197 1
0.298398 -0.516475 0
1.379125 1.393552 1
0.302440 -0.892642 1
0.312077 -1.293905 1
0.426239 -1.477956 1
0.886696 1.422494 1
1.330039 -0.648544 1
-1.259353 1.362926 1
1.313408 -0.502191 1
0.591004 -0.347403 0
-0.408872 -1.488909 1
-0.994372 0.311827 0
-0.085521 -0.698713 0
1.109258 1.451781 1
-0.627629 -0.467112 0
0.919679 0.608642 0
-0.446840 -0.555810 0
1.358292 -1.200159 1
-1.079663 -0.108682 1
-0.312137 0.002247 0
-0.356850 0.198696 0
-0.113008 -0.855832 0
0.882545 1.203945 1
-0.525152 0.602055 0
-1.094965 -0.985549 1
0.881887 1.384394 1
-1.415887 -0.486293 1
0.206445 -0.571893 0
0.531804 0.372547 0
1.243069 -1.321069 1
1.125073 -0.005703 1
-0.540712 -1.096159 1
0.523173 -1.092781 1
-0.660958 -1.238042 1
0.779535 -1.032291 1
-0.362565 0.459443 0
1.224914 0.528301 1
1.055333 0.314687 0
0.217031 -0.889478 1
1.475070 1.473133 1
0.355629 -0.809800 1
1.445501 0.151248 1
-0.740165 1.037584 0
-1.339935 -0.774590 1
-0.137469 -0.189822 0
-0.818885 -0.073869 0
-0.974512 -0.729940 1
-0.678951 1.220012 1
1.301581 1.436311 1
-0.196764 -0.799967 0
-0.412555 0.271972 0
-0.131377 -1.181863 1
-0.673780 -1.293679 1
1.109737 -1.104743 1
-0.509939 -0.806969 1
0.842250 0.460181 0
-0.588917 0.515181 0
-0.283434 -1.325834 1
1.296309 -0.044167 1
-0.016150 -1.423665 1
-0.941905 -0.539507 1
-1.308629 -1.076292 1
-0.028221 0.024882 0
-1.307475 -0.568213 1
-1.217343 0.006951 1
-0.278537 -1.304444 1
1.023003 1.290064 1
0.640043 1.311160 1
1.386279 1.247054 1
1.440673 -0.605363 1
-0.720168 -1.327964 1
0.631877 0.962102 0
1.011631 -1.042745 1
-0.111482 0.819126 0
-1.497804 0.636866 1
-1.438060 0.966325 1
-1.354011 0.067490 1
-1.097370 0.398154 0
0.300825 -0.199484 0
-0.630744 0.196708 0
-0.324460 -0.217081 0
-1.103703 1.206832 1
0.924946 0.134809 0
-0.061007 0.045373 0
-1.151155 -0.524857 1
1.218075 -0.007960 1
-1.395139 -1.425445 1
1.185553 1.411729 1
-0.878421 -0.368975 1
-1.046991 -0.560467 1
0.556540 -0.704964 1
0.535238 -0.088082 0
1.002839 0.498877 0
-0.466257 0.582639 0
0.260308 -0.780420 0
0.130951 -0.364628 0
0.064008 -0.933437 1
0.983811 1.243311 1
-1.017144 -1.071465 1
1.157222 -0.641253 1
-0.721988 -0.999776 1
-0.018028 -0.079821 0
1.396872 0.581788 1
-1.088755 -1.335550 1
1.191059 -0.762164 1
0.494929 0.021389 0
0.872045 0.832993 0
-0.722172 0.180121 0
-0.515267 -1.457252 1
0.805791 1.188793 1
0.652718 1.127641 0
-0.822461 0.554780 0
1.462501 1.309106 1
-1.249685 -1.331475 1
-1.224774 -0.150128 1
-1.112332 -1.126833 1
0.637799 -0.529756 1
0.161386 -1.430259 1
0.405481 1.387355 1
-0.314003 0.112013 0
1.062001 0.153104 0
-0.405368 0.190345 0
0.673041 1.127788 0
-0.508103 -0.412524 0
-1.382526 1.070254 1
-0.404014 -1.252317 1
-0.661859 -1.464392 1
1.152648 -0.063529 1
-1.251325 -1.293512 1
-1.457575 -1.385173 1
-0.002421 0.023423 0
0.350553 -0.941350 1
-1.400814 0.301526 1
-0.723260 1.168879 0
-0.478860 -0.457185 0
1.430477 0.719802 1
0.988292 -0.767904 1
0.485830 0.907486 0
0.873906 -1.400013 1
-0.159329 -1.475908 1
-0.404732 -0.751785 1
0.824037 1.364606 1
1.475580 -0.801242 1
0.660669 0.629720 0
-0.066680 1.221354 1
0.905168 1.015745 0
-0.114734 -0.807508 0
-0.496608 0.510498 0
1.378440 -1.176905 1
1.022363 1.242156 1
-0.539821 0.597338 0
1.474229 0.816773 1
-1.073444 0.384715 0
0.492444 -1.285866 1
0.541166 0.814409 0
0.794115 -0.874791 1
-1.193109 -0.382085 1
-0.012004 0.946442 0
0.151613 -0.150258 0
-0.478264 -0.473384 0
-0.850993 -0.932998 1
1.365545 0.254860 1
-0.642255 0.304426 0
1.102817 -0.604084 1
1.456667 0.530806 1
0.037313 0.316182 0
-0.292554 0.896971 0
0.257692 -1.252114 1
0.783904 -0.493470 1
0.830074 -0.759637 1
-0.117682 -0.753451 0
-1.481382 -1.325463 1
-1.180542 0.725639 1
0.685754 0.714501 0
0.618483 -0.443413 0
-0.100887 0.695787 0
-0.451206 0.660190 0
0.340249 -1.204281 1
-0.897604 0.577071 0
0.859969 1.206389 1
0.736636 -0.568269 1
0.121827 0.386387 0
0.712022 -1.061096 1
-0.341828 0.433739 0
0.664799 1.438485 1
1.217434 -0.261586 1
1.192148 0.275169 1
1.030169 1.048622 1
1.237872 -0.054992 1
0.616027 -0.686107 1
1.073864 1.170367 1
-0.559607 1.413267 1
0.761697 -0.199153 0
0.980096 0.708570 0
1.423383 1.394713 1
-0.962771 -1.403424 1
0.520919 1.341451 1
1.499012 1.444314 1
0.389069 -0.792913 1
-1.145595 -0.253012 1
0.203993 -0.638545 0
-1.141710 0.790454 1
-1.376354 1.181827 1
1.468352 -0.876964 1
1.007235 1.098778 1
0.709928 -0.624461 1
-0.592189 -0.372608 0
-0.877873 1.062614 0
-0.723795 -1.322095 1
-1.442221 -0.134207 1
0.089878 -0.038372 0
1.210347 -0.435143 1
0.350018 -0.792982 1
1.049640 -1.077511 1
0.861161 1.289153 1
0.293851 -0.949333 1
0.878481 0.341133 0
-0.671466 -0.511474 1
0.223769 -1.045146 1
-0.925689 1.023898 0
1.146324 -0.732910 1
0.726269 1.191334 0
0.273051 0.393442 0
0.393244 0.774190 0
0.401523 0.759621 0
-0.461601 -1.227418 1
0.889780 1.389236 1
0.306155 1.301341 1
0.422416 -0.875963 1
0.149417 -0.550077 0
-0.820730 0.259331 0
0.586925 -0.802848 1
1.003592 -0.833149 1
0.350987 -0.227653 0
-0.539819 -0.315639 0
-0.558664 -0.845676 1
-0.812826 0.442853 0
0.621088 0.538563 0
0.635887 -0.051170 0
0.890049 1.322810 1
-0.309809 -1.391894 1
0.078937 1.061973 0
1.059952 -0.519681 1
0.522945 0.496599 0
0.887199 1.062454 0
-0.518712 -0.103037 0
0.453617 0.686018 0
-0.457866 0.656302 0
1.203234 0.648056 1
-0.871606 1.185965 1
-0.580807 1.231492 0
-1.369716 0.554968 1
-1.446205 0.918915 1
-0.353038 -1.036546 1
-1.438139 0.652898 1
-0.112956 0.542486 0
-0.322424 0.311420 0
-0.608506 -1.200676 1
-0.086312 0.411339 0
0.218164 0.318633 0
-1.084969 -0.838354 1
-1.307869 -1.193411 1
1.430534 -0.115154 1
-0.547764 -1.011123 1
0.049088 -0.925036 0
-1.006651 0.059254 0
0.637573 -1.388836 1
0.316728 1.091322 0
0.391037 0.813593 0
0.057721 1.200511 1
-1.120676 1.296418 1
0.190558 -0.976256 1
-0.390777 -0.071162 0
-0.043684 -0.290502 0
-1.011527 0.556456 0
-1.409972 -0.430813 1
-0.754119 -1.095605 1
-0.638550 0.887803 0
0.815581 0.416646 0
1.211301 0.003581 1
-1.420129 -0.095321 1
-0.086359 1.269361 1
-1.356040 1.024952 1
1.314010 -0.737028 1
0.075652 -0.827372 0
0.971330 -0.322227 1
-0.785421 -0.575539 1
0.302567 -1.084586 1
0.664976 -1.287259 1
0.247774 1.433285 1
0.648528 0.521052 0
-1.120100 0.205918 1
0.181387 -1.050609 1
-0.735965 -0.356476 0
-0.710812 -0.537377 1
-0.863862 0.192746 0
-0.341661 0.993783 0
-0.869785 -1.410396 1
-1.444758 -0.389093 1
1.141175 0.768318 1
0.145785 1.489399 1
-0.888051 -0.733051 1
-1.280003 0.542747 1
-0.410232 -0.049748 0
0.991779 0.042204 0
-0.696856 -1.327395 1
-0.812284 1.092932 0
-1.138175 -0.099570 1
0.095419 -1.406930 1
-0.543554 -0.836133 1
1.107083 -0.993295 1
-1.364159 -1.122342 1
-1.100368 1.062326 1
-0.697061 -1.292105 1
-0.284184 -0.042295 0
0.223396 0.424466 0
-0.350330 0.965468 0
-0.717838 -0.278475 0
-0.737574 -1.334570 1
-0.082837 0.887562 0
-0.387231 1.120148 0
0.952622 -0.888158 1
-1.052768 1.040864 1
0.467643 1.037158 0
0.240402 0.709921 0
-0.109308 1.444989 1
-0.767059 -0.633973 1
-1.156062 -1.368484 1
-0.186018 1.012804 0
0.223233 -0.994688 1
0.088480 1.237311 1
-0.731198 -0.084315 0
0.727255 -0.577005 1
0.826665 0.598397 0
0.021384 -1.454363 1
0.035552 -0.582134 0
1.227050 0.527177 1
0.073108 -0.110463 0
-0.996403 0.789645 0
0.390090 -0.823847 1
-0.803198 0.719973 0
1.249406 -0.524988 1
1.318951 1.480845 1
-0.711326 0.155894 0
-0.164521 1.122599 0
-0.257996 1.190336 1
-0.004355 -0.873490 0
-1.135581 0.468012 0
-0.116121 -0.660725 0
0.150836 -1.225659 1
-0.291849 0.986540 0
1.092916 1.088858 1
-1.371434 1.398905 1
1.273559 -1.235254 1
0.507137 -0.332020 0
1.347749 0.418874 1
-0.105550 -0.809445 0
-1.430912 -1.450858 1
0.454421 -0.098383 0
-1.193101 -1.366952 1
-1.217746 0.868261 1
-1.362893 -0.762448 1
0.205368 0.358443 0
0.662997 1.302135 1
1.073578 -0.521302 1
1.184237 0.769697 1
-0.736418 -0.370481 0
-0.370017 0.925481 0
1.248273 1.499130 1
1.019559 -0.667446 1
-0.819886 0.478209 0
0.442478 0.555859 0
1.229724 0.413902 1
-0.551291 0.968761 0
-1.066422 1.374753 1
-1.108515 0.877795 1
-0.141566 0.939044 0
1.023233 -0.739792 1
0.532253 -0.292983 0
-1.431680 1.256309 1
0.088154 -0.674748 0
1.260554 -0.615985 1
-1.096325 1.145851 1
0.668250 0.838464 0
-0.588893 -0.538054 1
-0.634643 -0.081266 0
0.599933 0.957700 0
0.305156 -0.511959 0
-0.083115 -0.094534 0
1.378750 -0.259355 1
1.100902 -1.273119 1
0.684858 -1.259045 1
-0.117110 0.726063 0
1.302517 -1.448531 1
-1.052164 -0.141650 1
0.466180 1.398972 1
-0.854747 -0.846815 1
1.392600 -0.922557 1
-1.135491 -0.402212 1
0.005735 0.010536 0
-0.691772 1.146001 0
-1.357503 -0.941116 1
-0.325882 1.430827 1
1.130369 0.835291 1
0.033985 1.210217 1
-0.151522 1.181214 1
-1.187266 -0.976393 1
-0.930098 -1.010344 1
-0.781718 0.361577 0
1.039100 -1.493097 1
1.154017 -0.568865 1
0.674853 -0.499882 1
0.474062 -0.248716 0
1.155208 -0.976372 1
-0.343341 0.524662 0
-1.402515 0.172667 1
-1.185313 1.489212 1
-0.037655 1.314280 1
-1.000302 -0.213245 1
0.217323 -0.729109 0
0.681465 -0.168588 0
-0.961617 1.229209 1
-0.764432 1.070439 0
0.199238 0.699020 0
0.773385 1.435715 1
1.077089 -1.140330 1
0.687717 -0.940335 1
-1.487045 -0.090308 1
-0.938841 1.074118 1
-0.178775 0.117269 0
-0.067606 1.457147 1
-0.510354 -1.164713 1
-1.021860 0.072416 0
-0.270137 -1.149055 1
0.149128 -0.060291 0
-0.756360 -0.805926 1
-0.461223 -0.599034 0
0.712939 -0.310464 0
0.954837 1.134316 1
-0.675517 -0.845815 1
1.412329 0.326672 1
-0.155869 -1.404943 1
0.214258 -0.810372 0
-0.803962 0.433730 0
-1.220217 -0.643216 1
-0.396382 -1.234555 1
-1.319917 1.422138 1
0.075356 0.062375 0
0.631127 0.014622 0
0.175429 0.560063 0
-0.454007 1.226116 0
0.639132 1.147667 0
-1.455265 1.009661 1
-0.544457 0.318382 0
-0.163049 -1.154672 1
0.141454 -1.174271 1
0.437134 -0.878810 1
1.159523 0.866675 1
0.627407 0.551838 0
0.391722 1.002515 0
0.236497 0.945201 0
1.232602 0.380971 1
-0.631292 0.211363 0
0.274308 1.129901 0
-1.289272 -0.502494 1
-0.934420 1.088805 1
0.175100 -1.196976 1
0.240520 -0.457191 0
-0.145957 -0.920895 1
0.682302 -1.391678 1
0.752411 -0.742561 1
0.672715 1.394556 1
1.420327 0.442073 1
-0.310473 -0.851358 1
0.094102 -1.362660 1
-0.047061 -1.472602 1
-1.148245 -0.223260 1
0.865518 -0.915580 1
-0.969679 -0.531898 1
0.751764 0.656277 0
-1.019794 0.880148 0
0.043953 0.739500 0
0.002461 0.138519 0
1.265279 -1.020104 1
0.983399 -1.210570 1
-1.485148 -1.150343 1
0.958754 0.419918 0
-0.479075 0.101557 0
1.357577 0.759756 1
-1.361814 -0.278858 1
0.370602 0.652293 0
-0.668343 -0.033947 0
-0.714256 1.292725 1
0.302418 -0.093704 0
-1.192560 -1.085709 1
0.271989 1.181770 0
0.813938 0.104241 0
1.187627 -1.302775 1
-0.670073 -1.124799 1
0.695031 -1.224237 1
-1.297706 -1.251940 1
0.806691 1.125640 0
-1.404370 0.951875 1
0.940730 0.261248 0
0.396660 0.284017 0
0.440833 0.395719 0
-0.201861 -0.092448 0
-0.608461 1.131665 0
-0.145968 -0.851286 0
0.646680 0.760433 0
1.102732 -0.303444 1
-1.449907 1.029418 1
-1.066633 0.064993 1
0.203025 -0.214290 0
-1.352021 -1.412436 1
1.005547 -0.426233 1
-0.985647 1.424684 1
1.454564 -0.438346 1
1.242111 -0.290837 1
-1.168862 1.338281 1
1.013267 -0.016281 1
-0.631026 1.196010 0
0.025144 -0.536263 0
-1.180413 0.093348 1
0.843243 -1.395487 1
0.916506 0.684819 0
0.317621 1.134920 0
0.399534 -0.985223 1
-0.443250 -0.816064 1
0.946470 0.881810 0
-1.361211 -0.510839 1
0.177379 0.294624 0
-0.634558 0.669434 0
-0.532466 0.895710 0
0.125106 1.349190 1
1.484826 -0.422642 1
-0.582796 -1.036043 1
0.081443 -0.295346 0
-1.438259 -0.713429 1
-1.498880 -1.271624 1
-0.949578 -0.921707 1
0.548279 -0.549303 0
-0.085282 0.783963 0
-0.374661 -0.022858 0
-0.448125 0.375558 0
-0.138270 0.016606 0
-0.555740 0.723858 0
-0.349875 0.824821 0
-0.954961 1.033802 0
-0.192001 0.784821 0
1.201204 1.317632 1
0.798386 0.706240 0
-0.121682 0.282098 0
-0.567575 1.209165 0
-1.339761 -0.437920 1
1.105891 -0.324322 1
1.128084 0.022697 1
0.570471 1.116609 0
0.280059 -0.233878 0
0.642677 -0.480970 1
0.680146 -0.709490 1
-0.609048 -0.090258 0
1.244352 -0.738857 1
0.538293 -0.357232 0
-1.058381 -1.482817 1
0.483181 0.406630 0
-1.141335 -0.733745 1
-1.152758 -0.104673 1
0.544466 -0.381149 0
0.194340 0.404407 0
-0.916899 -0.739539 1
-0.369749 -1.225307 1
-0.732898 0.949718 0
0.068742 0.081369 0
-0.300075 1.268181 1
1.392447 1.150059 1
-0.373121 0.794043 0
-0.974949 -0.514181 1
0.524831 0.318802 0
-0.193860 -0.282535 0
0.268806 0.435696 0
1.180225 0.676547 1
-1.234174 0.727818 1
0.235269 0.615816 0
-0.285714 -0.655145 0
-1.446365 -0.084464 1
-0.826600 0.191463 0
0.646721 0.045747 0
0.687548 -0.803915 1
0.380411 -0.224222 0
0.347404 -1.443900 1
-0.684727 -1.340952 1
1.086811 1.332083 1
-1.429268 1.364739 1
-1.372543 -0.678336 1
-0.109135 1.003518 0
-1.169681 1.114483 1
0.881993 0.033344 0
-0.026513 0.485207 0
1.353503 -0.134901 1
1.441471 -1.152610 1
0.812555 -0.344398 1
-1.263456 0.821756 1
0.593998 -0.992705 1
0.294021 -0.283957 0
-0.864569 0.757071 0
0.441033 0.181910 0
-0.441175 1.373979 1
-0.926737 -0.733099 1
-0.857225 -0.001831 0
-0.284058 -0.876917 1
0.426560 -0.189369 0
0.867954 1.288264 1
0.512302 -1.332802 1
-0.555947 0.938194 0
0.495904 -0.324759 0
0.498844 -0.258198 0
-0.250612 1.423659 1
1.034588 -0.770590 1
1.276267 -0.559546 1
-1.210146 -1.379855 1
0.784526 -1.385706 1
0.165376 0.031930 0
0.833210 -1.383670 1
-0.445699 0.117631 0
-0.046207 -0.014098 0
1.005865 0.618735 0
-1.170631 -0.071013 1
1.478173 1.230285 1
-0.794059 -0.627253 1
0.688918 -0.347353 0
-0.859894 -0.702449 1
0.629879 -0.006123 0
-0.312265 -0.390413 0
0.074129 1.420098 1
-1.061284 -1.397011 1
0.790585 -1.241955 1
-1.178311 -0.410856 1
0.844093 -0.284500 1
-0.911564 -1.447454 1
-1.057628 0.219863 0
1.160835 -1.353821 1
0.015018 1.332929 1
1.355007 -1.310697 1
-1.109935 0.574629 0
0.385241 0.135246 0
-0.817009 1.418672 1
1.073397 -0.190302 1
1.479488 -0.448708 1
-1.494393 -0.959082 1
1.263117 -0.463402 1
-1.238659 -1.321741 1
0.897074 1.081085 0
-1.168178 1.240326 1
-0.548222 0.980942 0
0.626023 -0.897499 1
1.336394 -0.049355 1
-0.721181 1.467030 1
-1.177929 0.825487 1
-0.955215 1.176478 1
0.022571 -0.977725 1
0.963505 0.746679 0
-0.880561 0.273208 0
-0.469665 -1.456441 1
0.735163 -0.583374 1
0.006449 -0.527222 0
0.022315 0.793397 0
0.930549 0.218938 0
1.411707 1.142820 1
-0.370965 1.197793 0
1.079297 -0.536287 1
1.405009 -1.174642 1
1.158592 0.964315 1
1.253571 0.554074 1
0.856091 -0.918737 1
-0.243304 -0.512367 0
-0.390102 1.358283 1
0.819654 -1.006805 1
-0.876233 -0.277974 1
-0.324195 0.627135 0
-1.451608 -1.364001 1
-0.872105 -0.257768 1
-1.141561 1.414955 1
1.033418 -0.954986 1
1.412065 -0.738923 1
1.233928 1.002989 1
-0.580410 1.035903 0
1.488082 -1.036202 1
-0.954887 0.627589 0
-0.009956 -0.764897 0
0.725884 -0.861544 1
-0.334832 1.015429 0
0.899746 0.483245 0
0.884813 0.607470 0
0.404849 -0.491494 0
0.352335 0.820495 0
0.466335 -0.871273 1
-1.288324 -0.961871 1
-0.600114 -0.211874 0
1.171517 -0.113625 1
1.349772 -0.228994 1
-0.413783 -0.370661 0
1.020438 0.369319 0
-0.538858 -0.693077 1
0.189183 -0.963015 1
0.835616 0.285430 0
-0.887316 -1.277226 1
-1.145357 0.002856 1
0.684929 -0.477959 1
-0.870238 -0.585768 1
0.636573 -0.079344 0
0.888888 -0.845253 1
0.755128 -0.177744 0
1.165676 -1.441928 1
1.025766 -0.850786 1
-0.107484 0.208179 0
0.403487 0.257923 0
0.534862 0.050878 0
0.744419 -0.094261 0
1.179573 0.918617 1
-0.149162 1.401214 1
1.123719 0.032542 1
-1.043185 0.330592 0
-1.000479 -0.541202 1
-0.629650 0.881520 0
0.757559 -1.108878 1
-0.361281 -0.972333 1
0.620615 1.142320 0
-1.368069 -0.020280 1
-0.741427 -0.781833 1
-0.018703 0.341751 0
-0.127156 0.004894 0
-1.028798 0.160567 0
0.067913 -1.302963 1
-1.062312 0.821336 0
0.311126 -0.131317 0
-0.188867 -0.500252 0
1.130689 -0.651107 1
0.171200 0.656502 0
-0.695073 -1.163772 1
-0.842894 -1.326844 1
-1.068127 -0.655943 1
-0.671277 0.615759 0
-0.998180 -1.156049 1
1.048605 -0.298498 1
-1.150381 0.990372 1
-0.701099 0.394156 0
-0.674546 0.078787 0
1.142970 -0.239223 1
-1.262427 0.466486 1
0.303808 1.392093 1
0.590366 1.285432 1
-0.742444 1.049866 0
0.850631 -0.672704 1
-0.085352 -0.241619 0
-1.375023 0.890117 1
1.209005 -1.070676 1
-0.559229 -0.746387 1
-0.826887 0.073159 0
0.598093 -0.118085 0
1.250951 0.591024 1
-0.687729 0.900953 0
-0.693120 1.141432 0
1.429439 -1.199449 1
0.161214 1.458344 1
-0.179955 1.486157 1
-0.223996 0.675297 0
0.041422 0.841642 0
0.564987 -1.060770 1
-0.626346 0.406982 0
0.887935 1.156962 1
0.323943 1.479229 1
1.496543 0.157104 1
-0.821574 -1.392730 1
-0.871925 0.870740 0
1.177367 0.583465 1
-0.310338 -1.283369 1
0.974432 -1.283168 1
0.777903 -0.281380 0
-1.381114 -0.105497 1
0.839941 -0.897970 1
0.898941 -0.048765 0
-0.112343 -0.225907 0
-1.297691 -0.233253 1
1.124030 -0.021209 1
-0.947902 -0.962827 1
1.309603 -1.320882 1
-0.373551 -0.833689 1
0.290123 -1.041928 1
-1.183044 0.247183 1
1.414957 1.065052 1
-0.933163 -0.871497 1
0.498157 -1.366235 1
0.335473 0.886624 0
1.344191 -0.509707 1
-1.265844 1.060137 1
0.808670 -0.838774 1
-0.988402 0.774597 0
0.073027 0.505552 0
-1.191391 1.006780 1
0.138222 0.065220 0
-1.036142 -0.615619 1
0.976695 -0.618788 1
-0.785187 0.732433 0
-0.412769 -1.330784 1
0.806539 0.704894 0
-0.938447 1.267059 1
1.488094 0.263830 1
-0.792937 -1.342310 1
1.136321 -0.409093 1
-0.165550 -0.479603 0
-0.939713 -0.757729 1
-0.595591 -1.218284 1
-0.987556 -0.972451 1
-1.078261 1.083513 1
-0.640249 -1.153867 1
-0.275931 -0.076978 0
0.413724 -0.743200 1
0.332458 -0.035076 0
0.165139 -0.778858 0
1.344114 1.192348 1
0.807216 -1.060184 1
-1.326084 -0.362376 1
-0.708756 -0.828826 1
0.385613 0.974360 0
-1.099439 0.289884 0
-0.442761 -0.575262 0
1.252403 0.422521 1
0.459157 0.807240 0
-0.555356 1.289116 1
1.469541 1.284784 1
-0.971703 -0.576535 1
-0.901785 0.755227 0
-1.430297 0.324605 1
-0.461414 -1.237257 1
0.184303 0.289142 0
-1.259526 0.746748 1
-1.329598 1.433333 1
-1.110835 -0.127281 1
-0.818509 -0.550797 1
-0.288580 -0.392493 0
-0.410120 -1.258066 1
-0.054435 -0.426947 0
0.782772 0.535494 0
-0.125661 -0.675554 0
-0.408907 -0.380909 0
1.218151 0.535023 1
-1.271066 -0.613870 1
-0.145472 0.461956 0
-1.145197 -0.172623 1
-0.129131 -0.740706 0
-1.067033 -0.350112 1
-0.687219 -0.285732 0
-0.146947 0.545231 0
0.839769 1.050677 0
0.250447 -1.019376 1
0.901212 0.447571 0
0.209579 0.835345 0
-1.188088 -1.169109 1
0.665189 -1.123452 1
-1.170321 1.073713 1
0.443821 0.813721 0
1.217730 0.925604 1
0.700903 0.149213 0
-1.393491 1.379310 1
0.267780 0.891237 0
0.654856 1.165856 0
1.393963 1.147784 1
-1.139405 -0.663797 1
-0.118190 -0.162338 0
1.225870 1.000618 1
0.446081 1.012851 0
1.272589 1.182041 1
0.681205 -1.390883 1
0.430709 0.307721 0
-1.257542 0.243780 1
-0.580929 -0.779350 1
-0.010025 -0.760869 0
0.994260 -0.037194 1
0.251535 1.072992 0
0.241883 -0.025691 0
1.141362 1.107041 1
-0.463170 -0.403037 0
-0.106234 -1.461404 1
-1.337835 -0.681186 1
0.481865 1.124354 0
0.993260 0.847095 0
-1.387260 0.369781 1
0.474921 -0.573698 0
-0.957394 1.031666 0
0.452555 0.192372 0
-1.344795 0.862443 1
-0.308789 1.355056 1
0.593210 -0.082841 0
-0.191130 0.765903 0
-1.315846 -1.143645 1
0.766022 -0.925588 1
-1.372093 -1.482160 1
1.375139 0.370334 1
0.360866 -1.080109 1
-1.349879 -0.605850 1
0.526038 0.440336 0
0.339212 -0.679002 0
1.304907 -1.244529 1
-0.224939 0.971517 0
0.137527 -0.674107 0
-0.281821 -0.851983 1
0.159900 0.675854 0
1.414952 0.406998 1
-0.687082 0.664722 0
-1.022751 0.754823 0
0.678511 -1.076555 1
-0.208334 -0.785717 0
-0.107379 -0.725204 0
-0.061021 1.009027 0
0.728458 -0.582781 1
0.196847 0.596362 0
0.368625 0.146398 0
1.150832 -0.664286 1
-0.989898 -0.353816 1
-1.284293 0.303119 1
0.299091 0.235214 0
1.143779 -0.878588 1
1.073107 -1.267872 1
1.050875 -1.225654 1
-0.864191 -0.332174 1
0.050695 -0.982508 1
-0.269998 0.908195 0
-1.494983 -1.030786 1
0.075572 1.478435 1
1.219417 1.015709 1
-1.030351 -1.359257 1
0.543536 -0.876307 1
-1.093601 -0.878618 1
0.768267 -0.030490 0
-0.920303 -0.905591 1
-0.539705 -0.541546 0
0.121315 -0.785487 0
-0.380200 -0.895234 1
1.210838 -0.362328 1
0.035663 -0.476142 0
-0.704175 -1.021219 1
-0.190037 0.185063 0
1.177030 -1.166626 1
-0.829841 -0.844576 1
-0.334796 0.090794 0
0.586086 -0.218743 0
-0.754106 -0.192308 0
1.271830 -0.075280 1
-0.048628 -1.325791 1
1.424765 1.048059 1
1.383938 -0.620435 1
1.173848 -0.757116 1
0.241171 -0.937355 1
-0.091987 -1.051707 1
-0.785795 -0.279730 0
0.199942 1.355567 1
0.537026 0.720995 0
0.083446 1.383308 1
-0.961300 -1.132976 1
1.168844 -0.039748 1
0.250123 -1.280332 1
-0.723641 -1.448069 1
0.666649 0.200131 0
-1.235901 -0.509079 1
0.034745 0.464513 0
0.876750 -0.939145 1
-0.417678 -0.946288 1
0.032162 0.242198 0
-0.792781 0.372775 0
-0.819572 1.168278 1
1.117585 0.023193 1
-0.668369 -0.866207 1
0.085515 -0.450322 0
-0.396225 0.657456 0
0.013283 0.854626 0
-0.690128 0.841933 0
1.325756 0.971702 1
0.599964 -0.979233 1
0.214257 1.037938 0
-0.843841 0.614305 0
0.282995 0.687634 0
-0.969776 1.483334 1
0.517412 -1.340469 1
-0.858701 -0.950828 1
0.084513 1.374104 1
-0.073404 -1.203835 1
0.740492 0.519693 0
-1.146637 -0.602417 1
0.128571 -0.884098 1
-0.179535 1.055297 0
-1.261282 0.308444 1
0.894442 1.268016 1
-0.780389 -0.383897 1
-0.424148 1.416426 1
1.040335 -1.427552 1
1.327532 0.156819 1
0.902330 -1.449794 1
1.434321 0.395741 1
-0.170695 -1.062307 1
-0.249448 0.378171 0
-0.138976 -0.654513 0
0.269334 1.199557 1
1.430521 -0.600379 1
1.372800 -0.165855 1
1.033944 -1.360500 1
1.407425 -1.390834 1
-1.148854 -0.646807 1
-0.843953 1.155263 1
-0.991754 0.022087 0
-1.024745 1.371193 1
0.676464 -0.781258 1
1.010284 -1.226486 1
-0.074690 -1.302375 1
-0.296103 0.005064 0
-0.398408 0.676913 0
-0.298263 -0.947190 1
-0.124697 0.593426 0
-0.550274 -1.109586 1
-0.561599 1.388092 1
-0.252420 -0.579912 0
-0.608623 -0.219041 0
1.114592 -1.206941 1
0.317269 -1.349804 1
-0.009263 -0.902010 0
-1.018160 -0.453313 1
0.022800 0.632733 0
0.163245 -0.759475 0
-0.388074 -0.760105 1
0.324299 0.957237 0
0.848064 1.115127 0
0.038432 0.857945 0
0.535029 -0.344271 0
-0.627201 1.470970 1
1.375846 0.835991 1
-0.042713 -1.014651 1
-0.387278 1.076238 0
-1.459748 1.221833 1
0.275935 -0.993636 1
0.303704 -0.532185 0
-0.809032 -0.700238 1
1.354003 1.330748 1
0.626306 -0.766420 1
-1.320153 0.963959 1
-0.354106 0.479860 0
0.923179 -1.192136 1
1.074344 -0.594998 1
0.078582 0.611412 0
0.407769 0.393113 0
1.335313 -0.244228 1
1.473005 0.092686 1
-0.946576 -0.241001 1
0.228959 -0.518346 0
-0.999785 -0.723340 1
0.792519 -0.488385 1
1.471074 -0.939502 1
-0.854293 1.088129 0
1.070659 0.638881 0
0.907848 1.273541 1
-0.020666 1.054610 1
-1.047372 0.425866 0
-0.420277 -1.458307 1
-0.308574 -0.971925 1
1.212103 -0.461201 1
-0.405466 0.315945 0
0.992300 0.119263 0
-1.274763 -0.692632 1
0.660776 -0.129464 0
-0.096036 1.499442 1
1.083256 0.113728 1
0.992622 1.294744 1
1.042183 -0.267475 1
-1.254392 1.496850 1
0.251453 1.097070 0
1.042802 -0.212172 1
-1.316441 0.225460 1
-0.505646 1.192337 0
1.225556 0.382625 1
0.715441 -1.086555 1
0.534147 0.737950 0
-1.487123 0.032543 1
-1.401160 0.379702 1
-1.273763 -0.635300 1
0.484837 -0.041562 0
1.318437 -0.964557 1
-0.929109 -0.766358 1
-0.849329 -0.180768 0
-0.412103 0.329784 0
0.936390 -0.421170 1
1.308934 0.203842 1
-1.303575 -1.158379 1
-1.463392 -1.279411 1
0.516819 1.089350 0
0.310879 0.221120 0
-0.848469 -1.060013 1
-0.603230 0.151438 0
0.343472 1.099944 0
1.073812 0.318720 0
0.940022 1.479340 1
-0.292603 0.579130 0
0.493949 0.326236 0
0.806170 1.270437 1
0.969671 1.272927 1
1.252045 0.009368 1
0.548574 0.880842 0
-0.147755 0.629627 0
0.231839 -0.099254 0
-0.074420 0.060225 0
1.135402 0.295280 1
0.948198 1.392737 1
1.465570 -0.410142 1
-0.806102 -0.735272 1
1.398873 -0.847552 1
1.199899 0.627312 1
0.897249 0.147539 0
-0.768064 -1.360877 1
-0.446796 -1.388911 1
0.780521 -1.011598 1
-0.545188 -0.036170 0
-1.334442 0.669226 1
-1.159087 1.174928 1
-1.052783 -0.058708 1
1.126714 1.297733 1
0.003979 0.913393 0
0.270766 0.922684 0
-0.381669 -0.705340 1
-0.491593 1.254277 1
0.089753 -1.401284 1
1.249456 -0.883904 1
-0.079412 0.620235 0
-1.324038 -0.776901 1
0.124861 -1.099429 1
0.181697 -0.818763 0
0.612795 0.976463 0
-0.831802 -0.603537 1
0.519491 -1.007386 1
-1.030853 0.405720 0
0.670146 0.771717 0
-0.244451 -1.227159 1
0.359098 -0.641207 0
-1.486274 -1.124192 1
0.420595 0.181982 0
-1.341274 0.440351 1
1.380314 -0.655198 1
-0.172057 0.265856 0
0.539026 1.462607 1
-0.184257 1.183258 1
-0.857647 0.418847 0
1.116238 -1.427773 1
1.074392 -1.288243 1
-0.795237 -1.180393 1
-0.287023 0.283218 0
0.314412 0.922359 0
-0.671686 0.680367 0
-0.279330 -1.063273 1
0.063210 -0.044321 0
0.000067 0.804996 0
-1.319567 1.001399 1
0.641034 -0.837944 1
-0.698795 -1.289260 1
-1.061004 -0.730216 1
-1.064830 1.395812 1
0.550013 0.818895 0
-1.030390 -0.999082 1
1.155982 0.967073 1
-0.090001 -0.677378 0
0.759013 0.300835 0
-1.426561 0.571645 1
0.438785 -0.830382 1
-1.341402 0.526261 1
-0.748247 -1.386827 1
1.187274 0.815797 1
-0.422582 -1.487842 1
-0.821018 -0.287479 1
-0.722109 -1.174589 1
-1.396891 0.054593 1
0.470511 1.473724 1
-1.378702 0.362174 1
0.550026 -0.949643 1
-0.574614 -1.397598 1
1.163250 0.268630 1
-0.918323 1.139705 1
-0.342021 1.341089 1
-1.218340 -0.768654 1
-1.074102 1.089296 1
1.114354 0.487709 0
-0.778152 -0.637465 1
-1.252688 0.999544 1
0.876746 1.060676 0
-0.619700 -0.645899 1
-1.417110 -0.412065 1
-0.744448 0.955422 0
1.032212 -0.263826 1
-0.731289 -1.339628 1
-0.688095 0.427133 0
-0.292056 -0.805786 1
0.661048 -1.281351 1
0.175725 -1.286228 1
0.335166 0.280910 0
-0.972537 0.871308 0
1.159448 1.312967 1
-0.082136 0.277203 0
0.131377 -1.273999 1
-0.942760 -1.186993 1
0.024123 0.808170 0
-1.248524 -0.948369 1
-1.006326 -0.414482 1
1.416370 0.458620 1
-0.861846 0.306665 0
1.399086 -1.039433 1
0.335655 0.646801 0
-0.913489 -0.676480 1
0.899068 1.237079 1
0.420966 1.180548 0
0.304684 -1.454185 1
0.745262 -0.988082 1
-0.621181 0.710103 0
-0.478470 0.308047 0
0.373672 -1.327169 1
-0.769684 -0.179471 0
-0.572932 -0.685103 1
-0.250873 1.437606 1
0.034069 0.172395 0
-1.150169 1.020426 1
-1.118177 0.003088 1
1.133755 -0.351746 1
0.989581 -1.299246 1
1.239709 -0.189017 1
0.631778 0.015777 0
-1.240492 -0.733290 1
1.426876 -0.266845 1
-0.352006 -0.253052 0
0.389920 -1.359300 1
0.131891 0.016358 0
-0.868732 -0.243391 1
1.250022 -0.639318 1
1.252932 -1.292487 1
-0.584432 -0.845916 1
-1.473147 -0.816763 1
0.647621 0.614724 0
0.553455 1.322258 1
0.717318 -1.285218 1
-1.114522 0.835663 1
-0.988309 -1.010629 1
-0.452058 1.278145 1
-0.122595 -1.194182 1
1.332482 -0.031520 1
-0.074592 0.740960 0
-1.195622 0.645302 1
-0.671945 0.955979 0
0.784686 -0.330932 1
-0.337468 -0.131171 0
-1.458777 0.975685 1
-1.314939 1.046564 1
-1.022489 0.527112 0
0.523069 0.901563 0
0.222784 1.097778 0
0.355210 -0.986489 1
0.034040 -1.409021 1
1.351193 -0.161548 1
0.740479 -1.471755 1
-0.616102 -0.662989 1
-0.798185 -1.312166 1
-0.864430 -0.444007 1
-0.564782 -0.057465 0
-0.487210 -1.044214 1
0.332528 0.566839 0
-0.156444 -1.240445 1
-0.771413 0.887208 0
0.392437 -1.360835 1
0.421885 1.276388 1
-0.872677 -0.564424 1
0.908887 -0.771451 1
-1.049222 -0.693986 1
0.296055 1.001742 0
-0.353037 -0.863817 1
1.126239 0.262403 1
-0.881184 0.999964 0
-1.079514 -0.299513 1
1.472671 0.877794 1
1.286131 0.797785 1
0.152245 0.405183 0
-1.491724 -0.849477 1
0.164584 -0.470278 0
-0.138246 0.560147 0
1.456000 0.069382 1
-0.964290 -0.579901 1
1.423839 1.257797 1
-0.061844 0.093950 0
-0.449850 0.138207 0
0.393260 -1.254152 1
-1.284580 0.561717 1
0.713192 0.844935 0
0.858874 -0.807117 1
-1.215594 -0.825531 1
-0.179393 0.749760 0
-0.227512 0.616844 0
0.201427 -1.314204 1
-0.171044 0.735800 0
-1.457957 -0.123086 1
1.353118 0.876748 1
1.058448 -1.466717 1
0.486991 1.278378 1
0.673278 0.050048 0
-0.950899 0.071117 0
-0.493295 -1.056548 1
0.884427 1.090472 0
-0.622064 0.464112 0
-1.175639 -0.980462 1
1.056777 -0.976709 1
-0.807702 -0.626298 1
-0.166060 -0.006370 0
0.864318 -0.191773 0
0.902515 1.489589 1
-0.647284 0.620428 0
0.217933 -1.417128 1
-0.710714 -0.238734 0
-0.789216 -0.429533 1
-0.644888 1.123520 0
-1.145978 -0.892528 1
-1.133030 1.324865 1
-0.612619 1.030788 0
0.266066 0.612346 0
1.484636 0.885279 1
1.370419 -0.020857 1
1.467393 -1.381521 1
0.343457 1.260326 1
1.168835 -1.117068 1
0.128044 0.848098 0
-1.162870 0.549859 1
1.248792 0.505025 1
0.840719 0.875619 0
-1.383401 -0.449929 1
0.892836 -0.039933 0
-1.206303 0.110891 1
0.373127 1.079160 0
0.541257 0.770254 0
-0.179941 -1.142710 1
-1.322405 0.018837 1
0.451347 0.653415 0
0.611790 -0.876622 1
0.032341 -1.366454 1
1.405354 -0.154770 1
-1.403664 0.124401 1
-0.049881 0.990516 0
0.833656 1.001710 0
-0.174753 1.357789 1
0.750827 0.494799 0
1.410902 -0.826975 1
-0.250788 1.402012 1
-0.853883 -0.237492 0
0.047272 -1.154184 1
0.291451 1.218228 1
1.301313 -0.883421 1
-0.325664 0.837342 0
0.031618 1.049568 0
-0.584116 -1.464185 1
-1.200561 0.035306 1
0.947870 0.546447 0
-0.485241 0.234766 0
0.712252 -0.502401 1
-1.453509 1.101220 1
-0.670664 -1.129697 1
-0.023621 -1.375940 1
0.856258 -0.287782 1
-0.276326 -0.815283 1
0.150157 -0.461551 0
