1.259955 -0.426937 1
-1.276990 -0.897928 1
0.588431 -0.071212 0
-0.304088 0.512874 0
-0.680983 1.093539 0
-1.078722 1.436108 1
0.691352 0.379164 0
1.137645 -0.721610 1
-0.607444 0.501039 0
-0.155564 0.629833 0
-0.642355 1.134025 0
0.808317 0.927513 0
0.927850 0.891211 0
0.915303 -0.547793 1
0.560425 -0.884734 1
-0.033480 -0.632675 0
1.414889 0.710010 1
-1.409628 0.575937 1
-0.495497 0.317894 0
-0.360322 0.005930 0
0.714919 -1.323679 1
0.583392 -0.455468 0
-1.123755 0.346727 1
-1.396064 0.695741 1
-0.051250 -1.363726 1
-0.985662 -0.642917 1
-1.301640 0.480330 1
0.775134 1.144118 0
-0.134445 -0.014528 0
-1.420827 1.473746 1
-0.867471 -1.191311 1
-1.208268 -0.025022 1
