1.259955 -0.426937 1
-1.276990 -0.897928 1
0.588431 -0.071212 0
-0.304088 0.512874 0
-0.680983 1.093539 0
-1.078722 1.436108 1
0.691352 0.379164 0
1.137645 -0.721610 1
-0.607444 0.501039 0
-0.155564 0.629833 0
-0.642355 1.134025 0
0.808317 0.927513 0
0.927850 0.891211 0
0.915303 -0.547793 1
0.560425 -0.884734 1
-0.033480 -0.632675 0
1.414889 0.710010 1
-1.409628 0.575937 1
-0.495497 0.317894 0
-0.360322 0.005930 0
0.714919 -1.323679 1
0.583392 -0.455468 0
-1.123755 0.346727 1
-1.396064 0.695741 1
-0.051250 -1.363726 1
-0.985662 -0.642917 1
-1.301640 0.480330 1
0.775134 1.144118 0
-0.134445 -0.014528 0
-1.420827 1.473746 1
-0.867471 -1.191311 1
-1.208268 -0.025022 1
0.602428 -0.976512 1
1.305202 -0.016573 1
-0.428311 1.205962 0
-0.186036 -1.277212 1
-1.256319 -1.333444 1
0.668418 -0.688582 1
-0.537715 1.196492 0
-0.258919 0.579050 0
0.044597 -1.484475 1
-1.417060 -0.913006 1
-0.369582 0.135648 0
-0.451509 0.305613 0
-1.252079 -0.945503 1
-1.418999 -1.240700 1
-0.590562 0.045794 0
0.624848 -0.926952 1
-0.463935 0.242143 0
1.116099 -0.576102 1
-0.666866 0.353990 0
0.833673 -0.086125 0
0.375013 0.605848 0
0.274310 0.036047 0
0.392365 0.790568 0
1.445689 -0.272131 1
-1.084303 0.431902 0
-0.110102 1.475900 1
-1.073212 -1.243303 1
-0.498109 -0.540558 0
0.520941 -0.054656 0
0.731439 -1.244041 1
-0.422524 -0.642220 0
0.843617 0.190727 0
1.283114 1.012326 1
0.945312 -0.228508 1
-0.175643 -0.790962 0
0.364634 0.731890 0
0.342990 0.428707 0
-1.465050 1.107616 1
-0.616457 0.337999 0
0.168871 0.729879 0
-0.018244 0.876790 0
0.438363 1.080535 0
-1.076397 -0.304278 1
-1.235135 0.152229 1
0.705548 0.652726 0
-1.451725 1.275288 1
1.014542 -0.281487 1
-0.676190 -0.663384 1
1.259830 -0.732892 1
-0.782399 0.986033 0
-1.074908 -0.983655 1
0.612704 -0.241184 0
-0.680017 -0.703419 1
1.026978 -1.444782 1
0.539846 0.175532 0
-0.570521 -1.017316 1
1.237618 0.881096 1
0.181604 1.066743 0
-1.412738 -0.335422 1
0.280004 -1.161852 1
0.203362 0.634571 0
0.757522 1.208118 1
0.566510 -0.114487 0
0.083873 -0.179514 0
-0.661855 -0.128044 0
0.787515 -0.152993 0
0.640782 -0.857016 1
0.750327 0.445960 0
0.014281 1.361698 1
-0.446587 -1.290602 1
1.001236 -1.250727 1
-0.899673 0.374971 0
0.706094 1.410276 1
1.364206 0.656483 1
0.599087 1.013975 0
-1.022136 -0.941646 1
-1.424054 1.397976 1
0.537168 -0.051271 0
-1.488037 -1.143984 1
0.129404 -0.347357 0
-0.097362 -0.628519 0
-0.944335 0.810477 0
-0.716397 -0.403458 0
-0.224310 1.003805 0
0.430844 1.273613 1
0.729993 0.855858 0
-1.431117 -0.353805 1
-0.664494 -1.067841 1
1.346685 -0.759800 1
0.566618 1.177479 0
-0.715021 1.092038 0
-0.354380 -0.068050 0
0.391146 -1.052456 1
1.337038 -0.580841 1
1.465792 -0.685652 1
1.271153 -0.819922 1
-0.613736 -0.245299 0
-0.119548 0.700591 0
1.455485 0.371925 1
1.409002 -0.392342 1
-1.213800 0.329041 1
1.267898 0.915989 1
-0.635483 1.362731 1
1.360710 -0.180970 1
1.035010 0.348742 0
1.225361 -0.413035 1
1.179488 1.081898 1
0.474951 1.223974 0
0.071825 -1.482356 1
-0.962240 0.551746 0
1.053975 -1.215557 1
-0.385692 1.008774 0
0.110532 1.346240 1
-0.081875 0.912487 0
-0.743392 -0.369774 0
-1.484478 1.443471 1
-1.085348 1.266877 1
-1.185794 1.172419 1
-1.438559 -1.390926 1
1.139332 -0.214345 1
0.970397 0.525405 0
0.969915 -1.213318 1
-0.071946 -0.488614 0
-0.623167 0.687052 0
-0.094914 -1.077062 1
-0.961220 -0.035925 0
0.542348 -0.547072 0
-0.293665 -0.709668 0
-1.308766 -1.054275 1
0.292987 -0.272504 0
1.495842 0.175692 1
-0.435822 -0.860278 1
0.979622 -0.983935 1
-0.096450 0.111004 0
0.132118 -1.496068 1
0.758248 1.213548 1
0.632237 -1.249351 1
-0.471627 -0.322489 0
-0.072074 -0.055302 0
0.881776 -0.690190 1
-1.082493 -1.096510 1
0.660209 -0.354420 0
-0.818925 0.896253 0
-0.244085 0.694904 0
-1.082734 0.085528 1
-0.981345 1.055426 1
1.084262 1.418812 1
0.053379 0.843514 0
1.467753 -1.324467 1
-0.362603 0.600088 0
-0.124988 -1.244693 1
0.986687 0.914968 0
-0.091170 1.070948 0
-1.394356 0.402721 1
0.168173 0.554822 0
0.674387 -0.716791 1
-1.193847 0.920258 1
-0.334781 -1.380738 1
1.277629 1.066300 1
-0.576012 0.981177 0
1.256233 0.690137 1
0.994915 0.973943 0
0.882110 -0.484511 1
-1.004182 -0.645224 1
-0.130568 0.107786 0
-1.395118 0.694719 1
0.579185 0.285695 0
0.488920 -0.784609 1
-0.684308 0.759739 0
0.961077 1.352267 1
-0.193631 -1.031874 1
-0.963055 -0.073514 1
-1.065718 0.206724 0
1.322229 0.511038 1
1.218667 -0.200465 1
-0.627109 -0.167688 0
0.274319 -0.530958 0
0.593617 0.802948 0
1.029499 -1.372324 1
0.270651 1.004075 0
0.507855 0.837035 0
-0.561476 -1.086260 1
0.882933 -0.464430 1
-1.082711 1.089807 1
1.308642 0.253157 1
-0.731776 0.124604 0
-0.228304 0.525871 0
-0.438757 0.492844 0
-0.447100 -0.055791 0
1.351215 -0.100675 1
0.098643 -1.188556 1
0.996485 -0.002380 0
-1.022171 0.116556 0
0.766490 0.794989 0
1.341536 -0.315201 1
-0.420942 1.481008 1
-0.033519 -1.002684 1
1.049134 -1.125968 1
0.269849 -1.239459 1
0.182060 1.140438 0
-1.223798 -1.162838 1
-0.335169 1.198200 0
0.405947 -0.466787 0
-0.008294 0.002700 0
-0.671567 -1.372409 1
1.035297 0.605776 0
-0.954496 0.263159 0
0.890766 -0.976186 1
-0.822468 -0.125335 0
-0.385837 -0.716821 1
-1.170922 0.758443 1
-0.388085 -0.174940 0
-0.805255 -0.066512 0
1.232397 0.829848 1
-1.176974 0.938208 1
-0.825061 0.876976 0
-1.048595 -1.024284 1
-0.492892 -1.072237 1
1.462761 0.645469 1
1.191711 -0.858638 1
1.175245 0.257580 1
-0.667970 -0.066886 0
-0.827142 0.428470 0
1.082582 0.950202 1
-1.205472 0.215948 1
0.650908 -0.852589 1
-0.749398 0.247805 0
0.059329 -0.623575 0
0.349580 1.146434 0
-0.949565 0.291515 0
-0.611850 0.538594 0
-1.201121 -0.037784 1
-0.953606 0.970917 0
-1.185833 -1.055734 1
0.415156 1.321154 1
-0.768450 0.200058 0
1.136931 -0.428312 1
-0.565978 -0.508494 0
0.741309 0.405851 0
0.680796 -1.304447 1
0.215082 0.112855 0
-0.481753 -0.936663 1
0.207798 -0.467760 0
-0.979471 0.562615 0
1.038010 -0.540852 1
-0.061350 -0.235701 0
-1.348509 -0.290062 1
-1.379619 -0.677032 1
-0.498336 -0.887136 1
0.540090 -0.590698 1
0.442524 -1.207606 1
-0.387840 1.139158 0
0.313583 0.513641 0
-0.603699 0.794473 0
0.125398 -0.067936 0
0.831466 -0.596084 1
0.993611 -0.555483 1
1.146768 -1.249738 1
0.771637 1.367113 1
-0.824427 1.410153 1
-0.414669 0.711128 0
0.066266 0.541614 0
-0.788709 -1.492917 1
0.862535 -0.279800 1
0.737647 -0.231181 0
-1.235448 1.069697 1
-1.366278 1.021298 1
0.857667 -0.739328 1
-1.361193 0.449302 1
0.585495 1.339208 1
-0.675667 -1.316071 1
0.616089 -0.342553 0
-1.110091 -0.412666 1
-0.256607 -1.207468 1
-0.423158 0.826380 0
0.500441 0.079585 0
-1.340619 0.600702 1
0.457965 0.480167 0
1.450562 -1.276469 1
-1.061262 -0.765368 1
-0.482669 -0.534702 0
0.853760 1.313528 1
1.388619 -1.158943 1
-0.657930 -0.595353 1
0.563352 -0.631267 1
1.327372 -0.171924 1
0.784593 -0.427555 1
-0.585898 0.215541 0
-1.468864 -0.577571 1
0.709315 -1.162803 1
1.161774 0.119195 1
0.236934 0.222960 0
0.877344 -1.113466 1
-1.277906 -0.230277 1
-0.404134 -0.250099 0
-1.137327 1.425058 1
1.013339 0.477989 0
1.371398 0.526209 1
0.591723 -1.330001 1
-1.099966 1.289828 1
0.147377 0.421992 0
-1.093424 -0.771861 1
0.497511 1.081034 0
-1.366380 -0.756554 1
-0.715157 -0.077775 0
-0.233348 0.171783 0
-0.833037 -0.521152 1
-0.250407 1.048544 0
0.492911 -1.137927 1
-1.203676 -0.209840 1
1.320620 0.462318 1
-0.328034 -0.702276 0
0.970307 0.996899 0
-0.471308 0.455731 0
1.198988 -1.358235 1
0.403487 1.281216 1
0.615384 -1.227679 1
-0.308774 1.288307 1
-1.326210 -0.343647 1
0.925811 0.704899 0
-0.561369 -0.611078 1
0.619479 0.115577 0
-0.986246 -0.769902 1
0.381907 1.277622 1
0.960026 -1.158583 1
1.313957 1.155069 1
-0.650162 0.095828 0
-1.358087 0.633848 1
-0.456042 1.210913 0
-0.112447 -1.486247 1
-1.049446 -0.319235 1
-0.129168 0.614869 0
-0.744887 -1.395345 1
0.165841 -1.278959 1
0.354918 0.489596 0
-0.610433 0.952474 0
1.420667 1.483852 1
1.253351 -0.307026 1
0.202818 -0.357536 0
-0.745092 -0.978512 1
-1.243879 0.498122 1
1.039822 -0.899233 1
-0.399477 0.076041 0
-0.168198 -1.218692 1
0.346170 1.347314 1
0.144219 -0.297475 0
-0.252229 -1.397443 1
-0.493649 1.137461 0
0.199908 -0.781666 0
-0.174041 0.094103 0
-0.448285 -0.995731 1
0.865611 1.367775 1
0.685914 -0.635719 1
0.380275 0.024198 0
1.046786 -0.562262 1
-1.407307 1.333979 1
-1.100317 0.026130 1
-0.192774 -0.073639 0
1.324510 1.077762 1
1.261832 1.202039 1
-0.588960 0.932498 0
0.850149 -1.037248 1
0.944907 -1.397927 1
0.023169 -0.836954 0
-1.471739 1.103606 1
0.845623 0.922391 0
-0.406941 0.865500 0
1.123275 0.604978 0
0.205404 -0.002604 0
0.707889 -1.455935 1
-0.883897 1.161111 1
-0.827800 1.224725 1
-0.054058 -1.172304 1
-0.986041 0.714660 0
0.661947 1.483871 1
-0.601464 -0.233827 0
-1.006625 0.808958 0
0.486413 -1.156365 1
1.435117 1.459929 1
-0.270037 0.552254 0
0.769844 0.166509 0
1.408446 0.511087 1
-0.408293 -1.189116 1
-0.949822 -0.162799 1
1.439790 -0.138051 1
1.354183 0.625749 1
-0.023336 1.162504 1
-1.167807 -0.914588 1
0.329880 -1.459166 1
-0.444559 -0.903619 1
-0.422512 -0.983190 1
1.183442 -0.703716 1
-0.090494 1.339244 1
1.274755 -0.412368 1
-1.355661 0.603730 1
1.321233 -0.850177 1
0.776608 -0.237789 0
-0.785973 0.745791 0
1.323921 -0.976720 1
-1.338415 -0.981974 1
-1.289569 0.122366 1
-0.697691 1.481540 1
-0.659075 0.616973 0
-1.239219 0.409602 1
0.356687 0.144764 0
0.966016 -1.129302 1
0.912541 -0.192251 1
-0.468945 0.984140 0
1.146903 1.428027 1
0.339906 0.894570 0
0.619287 -0.513233 1
-0.170148 0.886253 0
-1.346998 0.199338 1
0.895024 -0.529131 1
-0.144253 1.466365 1
-1.432794 -0.877671 1
-1.271317 -1.012633 1
-0.579325 -1.168856 1
-0.320605 1.245796 1
1.013218 -1.479829 1
-0.589723 -1.263723 1
0.503189 1.189884 0
0.631757 0.236419 0
-0.694764 0.920199 0
0.943544 0.773121 0
0.925320 1.424803 1
0.516256 -1.326968 1
-0.644141 -1.330984 1
-0.917001 0.392311 0
1.343172 0.071047 1
0.019798 -0.505183 0
1.442296 -0.875945 1
-1.304783 0.480467 1
0.021474 0.941469 0
-0.457093 1.133641 0
-0.911604 -0.262128 1
0.079719 -0.611547 0
0.033869 0.260159 0
0.798268 0.641904 0
-0.580685 0.731942 0
1.463939 0.111766 1
0.492141 1.157358 0
-0.815901 -0.851590 1
1.188298 0.705095 1
0.016524 -1.085797 1
-0.914670 0.092045 0
0.751256 0.603584 0
-0.009689 0.416692 0
0.931865 -0.626216 1
-0.884506 -0.847841 1
1.419995 -0.790969 1
-0.207767 -1.466473 1
0.737280 -1.123985 1
-1.416355 0.080622 1
-0.255918 1.495610 1
-1.349531 -1.013282 1
0.316284 0.930780 0
0.156440 1.329709 1
-1.252213 -1.379328 1
1.010377 1.442960 1
1.132208 -0.694329 1
1.493810 -0.234546 1
0.879764 -0.895236 1
-0.137129 0.007304 0
-1.362323 1.466349 1
0.427148 1.246453 1
0.467653 -1.483871 1
0.931017 -1.419791 1
1.274759 -0.558552 1
-0.147384 0.444670 0
-1.346931 -1.461552 1
0.869176 -0.831519 1
1.030676 -1.400128 1
0.132267 0.987813 0
-1.278503 -0.977344 1
0.000956 1.380347 1
1.337189 -0.260074 1
0.191134 -0.678890 0
0.543107 -1.187706 1
0.661876 -0.910908 1
