1.259955 -0.426937 1
-1.276990 -0.897928 1
0.588431 -0.071212 0
-0.304088 0.512874 0
-0.680983 1.093539 0
-1.078722 1.436108 1
0.691352 0.379164 0
1.137645 -0.721610 1
-0.607444 0.501039 0
-0.155564 0.629833 0
-0.642355 1.134025 0
0.808317 0.927513 0
0.927850 0.891211 0
0.915303 -0.547793 1
0.560425 -0.884734 1
-0.033480 -0.632675 0
1.414889 0.710010 1
-1.409628 0.575937 1
-0.495497 0.317894 0
-0.360322 0.005930 0
0.714919 -1.323679 1
0.583392 -0.455468 0
-1.123755 0.346727 1
-1.396064 0.695741 1
-0.051250 -1.363726 1
-0.985662 -0.642917 1
-1.301640 0.480330 1
0.775134 1.144118 0
-0.134445 -0.014528 0
-1.420827 1.473746 1
-0.867471 -1.191311 1
-1.208268 -0.025022 1
0.602428 -0.976512 1
1.305202 -0.016573 1
-0.428311 1.205962 0
-0.186036 -1.277212 1
-1.256319 -1.333444 1
0.668418 -0.688582 1
-0.537715 1.196492 0
-0.258919 0.579050 0
0.044597 -1.484475 1
-1.417060 -0.913006 1
-0.369582 0.135648 0
-0.451509 0.305613 0
-1.252079 -0.945503 1
-1.418999 -1.240700 1
-0.590562 0.045794 0
0.624848 -0.926952 1
-0.463935 0.242143 0
1.116099 -0.576102 1
-0.666866 0.353990 0
0.833673 -0.086125 0
0.375013 0.605848 0
0.274310 0.036047 0
0.392365 0.790568 0
1.445689 -0.272131 1
-1.084303 0.431902 0
-0.110102 1.475900 1
-1.073212 -1.243303 1
-0.498109 -0.540558 0
0.520941 -0.054656 0
0.731439 -1.244041 1
-0.422524 -0.642220 0
0.843617 0.190727 0
1.283114 1.012326 1
0.945312 -0.228508 1
-0.175643 -0.790962 0
0.364634 0.731890 0
0.342990 0.428707 0
-1.465050 1.107616 1
-0.616457 0.337999 0
0.168871 0.729879 0
-0.018244 0.876790 0
0.438363 1.080535 0
-1.076397 -0.304278 1
-1.235135 0.152229 1
0.705548 0.652726 0
-1.451725 1.275288 1
1.014542 -0.281487 1
-0.676190 -0.663384 1
1.259830 -0.732892 1
-0.782399 0.986033 0
-1.074908 -0.983655 1
0.612704 -0.241184 0
-0.680017 -0.703419 1
1.026978 -1.444782 1
0.539846 0.175532 0
-0.570521 -1.017316 1
1.237618 0.881096 1
0.181604 1.066743 0
-1.412738 -0.335422 1
0.280004 -1.161852 1
0.203362 0.634571 0
0.757522 1.208118 1
0.566510 -0.114487 0
0.083873 -0.179514 0
-0.661855 -0.128044 0
0.787515 -0.152993 0
0.640782 -0.857016 1
0.750327 0.445960 0
0.014281 1.361698 1
-0.446587 -1.290602 1
1.001236 -1.250727 1
-0.899673 0.374971 0
0.706094 1.410276 1
1.364206 0.656483 1
0.599087 1.013975 0
-1.022136 -0.941646 1
-1.424054 1.397976 1
0.537168 -0.051271 0
-1.488037 -1.143984 1
0.129404 -0.347357 0
-0.097362 -0.628519 0
-0.944335 0.810477 0
-0.716397 -0.403458 0
-0.224310 1.003805 0
0.430844 1.273613 1
0.729993 0.855858 0
-1.431117 -0.353805 1
-0.664494 -1.067841 1
1.346685 -0.759800 1
0.566618 1.177479 0
-0.715021 1.092038 0
-0.354380 -0.068050 0
0.391146 -1.052456 1
1.337038 -0.580841 1
1.465792 -0.685652 1
1.271153 -0.819922 1
