38.000000 0.296369
13.000000 0.420167
73.000000 -0.676772
10.000000 -0.544021
76.000000 0.566108
6.000000 -0.279415
80.000000 -0.993889
65.000000 0.826829
17.000000 -0.961397
2.000000 0.909297
77.000000 0.999520
72.000000 0.253823
7.000000 0.656987
26.000000 0.762558
51.000000 0.670229
21.000000 0.836656
19.000000 0.149877
85.000000 -0.176076
12.000000 -0.536573
29.000000 -0.663634
30.000000 -0.988032
15.000000 0.650288
51.000000 0.670229
69.000000 -0.114785
88.000000 0.035398
88.000000 0.035398
95.000000 0.683262
97.000000 0.379608
87.000000 -0.821818
14.000000 0.990607
10.000000 -0.544021
8.000000 0.989358
64.000000 0.920026
62.000000 -0.739181
23.000000 -0.846220
58.000000 0.992873
2.000000 0.909297
1.000000 0.841471
61.000000 -0.966118
82.000000 0.313229
9.000000 0.412118
89.000000 0.860069
14.000000 0.990607
48.000000 -0.768255
73.000000 -0.676772
31.000000 -0.404038
72.000000 0.253823
4.000000 -0.756802
71.000000 0.951055
22.000000 -0.008851
50.000000 -0.262375
58.000000 0.992873
4.000000 -0.756802
69.000000 -0.114785
25.000000 -0.132352
44.000000 0.017702
77.000000 0.999520
27.000000 0.956376
53.000000 0.395925
81.000000 -0.629888
42.000000 -0.916522
83.000000 0.968364
16.000000 -0.287903
65.000000 0.826829
69.000000 -0.114785
26.000000 0.762558
99.000000 -0.999207
88.000000 0.035398
8.000000 0.989358
27.000000 0.956376
26.000000 0.762558
23.000000 -0.846220
10.000000 -0.544021
68.000000 -0.897928
24.000000 -0.905578
28.000000 0.270906
38.000000 0.296369
58.000000 0.992873
84.000000 0.733190
39.000000 0.963795
9.000000 0.412118
33.000000 0.999912
35.000000 -0.428183
11.000000 -0.999990
24.000000 -0.905578
16.000000 -0.287903
88.000000 0.035398
26.000000 0.762558
72.000000 0.253823
93.000000 -0.948282
75.000000 -0.387782
63.000000 0.167356
47.000000 0.123573
33.000000 0.999912
89.000000 0.860069
24.000000 -0.905578
56.000000 -0.521551
66.000000 -0.026551
78.000000 0.513978
4.000000 -0.756802
